(kicad_pcb (version 20171130) (host pcbnew "(5.1.6-0)")

  (general
    (thickness 1.6)
    (drawings 7)
    (tracks 1680)
    (zones 0)
    (modules 32)
    (nets 214)
  )

  (page A4)
  (layers
    (0 F.Cu signal)
    (1 GND.Cu power)
    (2 VCC.Cu power)
    (31 B.Cu signal)
    (32 B.Adhes user)
    (33 F.Adhes user)
    (34 B.Paste user)
    (35 F.Paste user)
    (36 B.SilkS user)
    (37 F.SilkS user)
    (38 B.Mask user)
    (39 F.Mask user)
    (40 Dwgs.User user)
    (41 Cmts.User user)
    (42 Eco1.User user)
    (43 Eco2.User user)
    (44 Edge.Cuts user)
    (45 Margin user)
    (46 B.CrtYd user)
    (47 F.CrtYd user)
    (48 B.Fab user)
    (49 F.Fab user)
  )

  (setup
    (last_trace_width 0.1524)
    (user_trace_width 0.127)
    (user_trace_width 0.1524)
    (user_trace_width 0.2032)
    (user_trace_width 0.254)
    (user_trace_width 0.2794)
    (user_trace_width 0.3048)
    (user_trace_width 0.381)
    (user_trace_width 0.508)
    (user_trace_width 0.8)
    (user_trace_width 1.016)
    (user_trace_width 1.27)
    (trace_clearance 0.1524)
    (zone_clearance 0.254)
    (zone_45_only no)
    (trace_min 0.127)
    (via_size 0.45)
    (via_drill 0.2)
    (via_min_size 0.45)
    (via_min_drill 0.2)
    (user_via 0.45 0.2)
    (user_via 0.5 0.3)
    (user_via 0.8 0.4)
    (uvia_size 0.3)
    (uvia_drill 0.1)
    (uvias_allowed no)
    (uvia_min_size 0.2)
    (uvia_min_drill 0.1)
    (edge_width 0.05)
    (segment_width 0.2)
    (pcb_text_width 0.3)
    (pcb_text_size 1.5 1.5)
    (mod_edge_width 0.12)
    (mod_text_size 1 1)
    (mod_text_width 0.15)
    (pad_size 1.7 0.8)
    (pad_drill 0.6)
    (pad_to_mask_clearance 0.05)
    (aux_axis_origin 0 0)
    (grid_origin 130 60)
    (visible_elements FFFFFF7F)
    (pcbplotparams
      (layerselection 0x010fc_ffffffff)
      (usegerberextensions false)
      (usegerberattributes true)
      (usegerberadvancedattributes true)
      (creategerberjobfile true)
      (excludeedgelayer true)
      (linewidth 0.100000)
      (plotframeref false)
      (viasonmask false)
      (mode 1)
      (useauxorigin false)
      (hpglpennumber 1)
      (hpglpenspeed 20)
      (hpglpendiameter 15.000000)
      (psnegative false)
      (psa4output false)
      (plotreference true)
      (plotvalue true)
      (plotinvisibletext false)
      (padsonsilk false)
      (subtractmaskfromsilk false)
      (outputformat 1)
      (mirror false)
      (drillshape 0)
      (scaleselection 1)
      (outputdirectory "out/"))
  )

  (net 0 "")
  (net 1 VCC)
  (net 2 GND)
  (net 3 A18)
  (net 4 A17)
  (net 5 A16)
  (net 6 A15)
  (net 7 A14)
  (net 8 A13)
  (net 9 A12)
  (net 10 A11)
  (net 11 A10)
  (net 12 A9)
  (net 13 A8)
  (net 14 A7)
  (net 15 A6)
  (net 16 A5)
  (net 17 A4)
  (net 18 A3)
  (net 19 A2)
  (net 20 A1)
  (net 21 A19)
  (net 22 DRD14)
  (net 23 DRD15)
  (net 24 HSYNC)
  (net 25 CSYNC)
  (net 26 VSYNC)
  (net 27 LPEN)
  (net 28 CASU)
  (net 29 CASL)
  (net 30 UDS)
  (net 31 LDS)
  (net 32 DRA8)
  (net 33 DRA7)
  (net 34 DRA6)
  (net 35 DRA5)
  (net 36 DRA4)
  (net 37 DRA3)
  (net 38 DRA2)
  (net 39 DRA1)
  (net 40 DRA0)
  (net 41 CCK)
  (net 42 CCKQ)
  (net 43 7M)
  (net 44 CDAC)
  (net 45 28M)
  (net 46 RGA1)
  (net 47 RGA2)
  (net 48 RGA3)
  (net 49 RGA4)
  (net 50 RGA5)
  (net 51 RGA6)
  (net 52 RGA7)
  (net 53 RGA8)
  (net 54 RAMEN)
  (net 55 AS)
  (net 56 REGEN)
  (net 57 RW)
  (net 58 WE)
  (net 59 BLIT)
  (net 60 BLISS)
  (net 61 DMAL)
  (net 62 INTR)
  (net 63 RESET)
  (net 64 DRD0)
  (net 65 DRD1)
  (net 66 DRD2)
  (net 67 DRD3)
  (net 68 DRD4)
  (net 69 DRD5)
  (net 70 DRD6)
  (net 71 DRD7)
  (net 72 DRD8)
  (net 73 DRD9)
  (net 74 DRD10)
  (net 75 DRD11)
  (net 76 DRD12)
  (net 77 DRD13)
  (net 78 /NC1)
  (net 79 /NC2)
  (net 80 /NC3)
  (net 81 /NC4)
  (net 82 RAS0)
  (net 83 RAS1)
  (net 84 DRA9)
  (net 85 14M)
  (net 86 A20)
  (net 87 "Net-(U1-PadH1)")
  (net 88 "Net-(U1-PadC2)")
  (net 89 "Net-(U1-PadD2)")
  (net 90 3V3)
  (net 91 "Net-(U1-PadD3)")
  (net 92 "Net-(U1-PadJ5)")
  (net 93 "Net-(U1-PadK5)")
  (net 94 "Net-(U1-PadJ6)")
  (net 95 "Net-(U1-PadK6)")
  (net 96 "Net-(U1-PadJ7)")
  (net 97 "Net-(U1-PadD8)")
  (net 98 "Net-(U1-PadE8)")
  (net 99 "Net-(U1-PadF8)")
  (net 100 "Net-(U1-PadH8)")
  (net 101 "Net-(U1-PadJ8)")
  (net 102 "Net-(U1-PadD9)")
  (net 103 "Net-(U1-PadE9)")
  (net 104 "Net-(U1-PadH9)")
  (net 105 "Net-(U1-PadJ9)")
  (net 106 "Net-(U1-PadE10)")
  (net 107 "Net-(U1-PadH10)")
  (net 108 "Net-(U1-PadJ10)")
  (net 109 "Net-(U1-PadD11)")
  (net 110 "Net-(U1-PadK11)")
  (net 111 "Net-(U1-PadG12)")
  (net 112 "Net-(U1-PadJ12)")
  (net 113 A18_FPGA)
  (net 114 DRD6_FPGA)
  (net 115 LPEN_FPGA)
  (net 116 VSYNC_FPGA)
  (net 117 A17_FPGA)
  (net 118 CSYNC_FPGA)
  (net 119 HSYNC_FPGA)
  (net 120 A16_FPGA)
  (net 121 A15_FPGA)
  (net 122 A14_FPGA)
  (net 123 DRD15_FPGA)
  (net 124 DRD14_FPGA)
  (net 125 DRD13_FPGA)
  (net 126 A13_FPGA)
  (net 127 A12_FPGA)
  (net 128 A11_FPGA)
  (net 129 A10_FPGA)
  (net 130 A9_FPGA)
  (net 131 A8_FPGA)
  (net 132 A7_FPGA)
  (net 133 A6_FPGA)
  (net 134 RW_FPGA)
  (net 135 WE_FPGA)
  (net 136 BLIT_FPGA)
  (net 137 BLISS_FPGA)
  (net 138 DMAL_FPGA)
  (net 139 INTR_FPGA)
  (net 140 DRD12_FPGA)
  (net 141 DRD11_FPGA)
  (net 142 DRD10_FPGA)
  (net 143 DRD9_FPGA)
  (net 144 DRD8_FPGA)
  (net 145 DRD7_FPGA)
  (net 146 DRD0_FPGA)
  (net 147 DRD1_FPGA)
  (net 148 DRD2_FPGA)
  (net 149 DRD3_FPGA)
  (net 150 DRD4_FPGA)
  (net 151 DRD5_FPGA)
  (net 152 A5_FPGA)
  (net 153 A4_FPGA)
  (net 154 A3_FPGA)
  (net 155 A2_FPGA)
  (net 156 A1_FPGA)
  (net 157 A19_FPGA)
  (net 158 RAS0_FPGA)
  (net 159 RAS1_FPGA)
  (net 160 DRA9_FPGA)
  (net 161 CASU_FPGA)
  (net 162 CASL_FPGA)
  (net 163 UDS_FPGA)
  (net 164 LDS_FPGA)
  (net 165 DRA2_FPGA)
  (net 166 DRA3_FPGA)
  (net 167 DRA4_FPGA)
  (net 168 DRA5_FPGA)
  (net 169 DRA6_FPGA)
  (net 170 DRA7_FPGA)
  (net 171 DRA8_FPGA)
  (net 172 CDAC_FPGA)
  (net 173 A20_FPGA)
  (net 174 7M_FPGA)
  (net 175 CCKQ_FPGA)
  (net 176 CCK_FPGA)
  (net 177 14M_FPGA)
  (net 178 28M_FPGA)
  (net 179 DRA0_FPGA)
  (net 180 DRA1_FPGA)
  (net 181 RGA1_FPGA)
  (net 182 RGA2_FPGA)
  (net 183 RGA3_FPGA)
  (net 184 RGA4_FPGA)
  (net 185 RGA5_FPGA)
  (net 186 RGA6_FPGA)
  (net 187 RGA7_FPGA)
  (net 188 RGA8_FPGA)
  (net 189 RAMEN_FPGA)
  (net 190 AS_FPGA)
  (net 191 REGEN_FPGA)
  (net 192 TDI)
  (net 193 "Net-(JTAG1-Pad7)")
  (net 194 "Net-(JTAG1-Pad6)")
  (net 195 TMS)
  (net 196 TDO)
  (net 197 TCK)
  (net 198 "Net-(U1-PadD1)")
  (net 199 "Net-(U1-PadE6)")
  (net 200 nSTATUS)
  (net 201 CONF_DONE)
  (net 202 CONFIG_SEL)
  (net 203 "Net-(U1-PadE12)")
  (net 204 "Net-(U1-PadK7)")
  (net 205 RESET_FPGA)
  (net 206 "Net-(RN1-Pad6)")
  (net 207 "Net-(RN1-Pad3)")
  (net 208 "Net-(U1-PadE5)")
  (net 209 "Net-(U1-PadE4)")
  (net 210 "Net-(U1-PadE3)")
  (net 211 "Net-(U1-PadE2)")
  (net 212 "Net-(J6-Pad1)")
  (net 213 nNTSC)

  (net_class Default "This is the default net class."
    (clearance 0.1524)
    (trace_width 0.1524)
    (via_dia 0.45)
    (via_drill 0.2)
    (uvia_dia 0.3)
    (uvia_drill 0.1)
    (add_net /NC1)
    (add_net /NC2)
    (add_net /NC3)
    (add_net /NC4)
    (add_net 14M)
    (add_net 14M_FPGA)
    (add_net 28M)
    (add_net 28M_FPGA)
    (add_net 3V3)
    (add_net 7M)
    (add_net 7M_FPGA)
    (add_net A1)
    (add_net A10)
    (add_net A10_FPGA)
    (add_net A11)
    (add_net A11_FPGA)
    (add_net A12)
    (add_net A12_FPGA)
    (add_net A13)
    (add_net A13_FPGA)
    (add_net A14)
    (add_net A14_FPGA)
    (add_net A15)
    (add_net A15_FPGA)
    (add_net A16)
    (add_net A16_FPGA)
    (add_net A17)
    (add_net A17_FPGA)
    (add_net A18)
    (add_net A18_FPGA)
    (add_net A19)
    (add_net A19_FPGA)
    (add_net A1_FPGA)
    (add_net A2)
    (add_net A20)
    (add_net A20_FPGA)
    (add_net A2_FPGA)
    (add_net A3)
    (add_net A3_FPGA)
    (add_net A4)
    (add_net A4_FPGA)
    (add_net A5)
    (add_net A5_FPGA)
    (add_net A6)
    (add_net A6_FPGA)
    (add_net A7)
    (add_net A7_FPGA)
    (add_net A8)
    (add_net A8_FPGA)
    (add_net A9)
    (add_net A9_FPGA)
    (add_net AS)
    (add_net AS_FPGA)
    (add_net BLISS)
    (add_net BLISS_FPGA)
    (add_net BLIT)
    (add_net BLIT_FPGA)
    (add_net CASL)
    (add_net CASL_FPGA)
    (add_net CASU)
    (add_net CASU_FPGA)
    (add_net CCK)
    (add_net CCKQ)
    (add_net CCKQ_FPGA)
    (add_net CCK_FPGA)
    (add_net CDAC)
    (add_net CDAC_FPGA)
    (add_net CONFIG_SEL)
    (add_net CONF_DONE)
    (add_net CSYNC)
    (add_net CSYNC_FPGA)
    (add_net DMAL)
    (add_net DMAL_FPGA)
    (add_net DRA0)
    (add_net DRA0_FPGA)
    (add_net DRA1)
    (add_net DRA1_FPGA)
    (add_net DRA2)
    (add_net DRA2_FPGA)
    (add_net DRA3)
    (add_net DRA3_FPGA)
    (add_net DRA4)
    (add_net DRA4_FPGA)
    (add_net DRA5)
    (add_net DRA5_FPGA)
    (add_net DRA6)
    (add_net DRA6_FPGA)
    (add_net DRA7)
    (add_net DRA7_FPGA)
    (add_net DRA8)
    (add_net DRA8_FPGA)
    (add_net DRA9)
    (add_net DRA9_FPGA)
    (add_net DRD0)
    (add_net DRD0_FPGA)
    (add_net DRD1)
    (add_net DRD10)
    (add_net DRD10_FPGA)
    (add_net DRD11)
    (add_net DRD11_FPGA)
    (add_net DRD12)
    (add_net DRD12_FPGA)
    (add_net DRD13)
    (add_net DRD13_FPGA)
    (add_net DRD14)
    (add_net DRD14_FPGA)
    (add_net DRD15)
    (add_net DRD15_FPGA)
    (add_net DRD1_FPGA)
    (add_net DRD2)
    (add_net DRD2_FPGA)
    (add_net DRD3)
    (add_net DRD3_FPGA)
    (add_net DRD4)
    (add_net DRD4_FPGA)
    (add_net DRD5)
    (add_net DRD5_FPGA)
    (add_net DRD6)
    (add_net DRD6_FPGA)
    (add_net DRD7)
    (add_net DRD7_FPGA)
    (add_net DRD8)
    (add_net DRD8_FPGA)
    (add_net DRD9)
    (add_net DRD9_FPGA)
    (add_net GND)
    (add_net HSYNC)
    (add_net HSYNC_FPGA)
    (add_net INTR)
    (add_net INTR_FPGA)
    (add_net LDS)
    (add_net LDS_FPGA)
    (add_net LPEN)
    (add_net LPEN_FPGA)
    (add_net "Net-(J6-Pad1)")
    (add_net "Net-(JTAG1-Pad6)")
    (add_net "Net-(JTAG1-Pad7)")
    (add_net "Net-(RN1-Pad3)")
    (add_net "Net-(RN1-Pad6)")
    (add_net "Net-(U1-PadC2)")
    (add_net "Net-(U1-PadD1)")
    (add_net "Net-(U1-PadD11)")
    (add_net "Net-(U1-PadD2)")
    (add_net "Net-(U1-PadD3)")
    (add_net "Net-(U1-PadD8)")
    (add_net "Net-(U1-PadD9)")
    (add_net "Net-(U1-PadE10)")
    (add_net "Net-(U1-PadE12)")
    (add_net "Net-(U1-PadE2)")
    (add_net "Net-(U1-PadE3)")
    (add_net "Net-(U1-PadE4)")
    (add_net "Net-(U1-PadE5)")
    (add_net "Net-(U1-PadE6)")
    (add_net "Net-(U1-PadE8)")
    (add_net "Net-(U1-PadE9)")
    (add_net "Net-(U1-PadF8)")
    (add_net "Net-(U1-PadG12)")
    (add_net "Net-(U1-PadH1)")
    (add_net "Net-(U1-PadH10)")
    (add_net "Net-(U1-PadH8)")
    (add_net "Net-(U1-PadH9)")
    (add_net "Net-(U1-PadJ10)")
    (add_net "Net-(U1-PadJ12)")
    (add_net "Net-(U1-PadJ5)")
    (add_net "Net-(U1-PadJ6)")
    (add_net "Net-(U1-PadJ7)")
    (add_net "Net-(U1-PadJ8)")
    (add_net "Net-(U1-PadJ9)")
    (add_net "Net-(U1-PadK11)")
    (add_net "Net-(U1-PadK5)")
    (add_net "Net-(U1-PadK6)")
    (add_net "Net-(U1-PadK7)")
    (add_net RAMEN)
    (add_net RAMEN_FPGA)
    (add_net RAS0)
    (add_net RAS0_FPGA)
    (add_net RAS1)
    (add_net RAS1_FPGA)
    (add_net REGEN)
    (add_net REGEN_FPGA)
    (add_net RESET)
    (add_net RESET_FPGA)
    (add_net RGA1)
    (add_net RGA1_FPGA)
    (add_net RGA2)
    (add_net RGA2_FPGA)
    (add_net RGA3)
    (add_net RGA3_FPGA)
    (add_net RGA4)
    (add_net RGA4_FPGA)
    (add_net RGA5)
    (add_net RGA5_FPGA)
    (add_net RGA6)
    (add_net RGA6_FPGA)
    (add_net RGA7)
    (add_net RGA7_FPGA)
    (add_net RGA8)
    (add_net RGA8_FPGA)
    (add_net RW)
    (add_net RW_FPGA)
    (add_net TCK)
    (add_net TDI)
    (add_net TDO)
    (add_net TMS)
    (add_net UDS)
    (add_net UDS_FPGA)
    (add_net VCC)
    (add_net VSYNC)
    (add_net VSYNC_FPGA)
    (add_net WE)
    (add_net WE_FPGA)
    (add_net nNTSC)
    (add_net nSTATUS)
  )

  (module Agnus:PinHeader_1x01_1.5x1.5mm_Vertical (layer F.Cu) (tedit 60643FCE) (tstamp 6065D9E9)
    (at 133.5687 74.9606)
    (descr "Through hole straight pin header, 1x01, 2.54mm pitch, single row")
    (tags "Through hole pin header THT 1x01 2.54mm single row")
    (path /608A10F5/606C46D4)
    (fp_text reference J6 (at 0 -2.33) (layer F.SilkS) hide
      (effects (font (size 1 1) (thickness 0.15)))
    )
    (fp_text value Conn_01x01 (at 0 2.33) (layer F.Fab) hide
      (effects (font (size 1 1) (thickness 0.15)))
    )
    (fp_line (start -1.27 -1.27) (end 1.27 -1.27) (layer F.Fab) (width 0.1))
    (fp_line (start 1.27 -1.27) (end 1.27 1.27) (layer F.Fab) (width 0.1))
    (fp_line (start 1.27 1.27) (end -1.27 1.27) (layer F.Fab) (width 0.1))
    (fp_line (start -1.27 1.27) (end -1.27 -1.27) (layer F.Fab) (width 0.1))
    (fp_text user %R (at 0 0 90) (layer F.Fab) hide
      (effects (font (size 1 1) (thickness 0.15)))
    )
    (pad 1 thru_hole oval (at 0 0) (size 1.5 1.5) (drill 0.8) (layers *.Cu *.Mask)
      (net 212 "Net-(J6-Pad1)"))
  )

  (module Capacitor_SMD:C_0603_1608Metric_Pad1.05x0.95mm_HandSolder (layer F.Cu) (tedit 5B301BBE) (tstamp 6060DF2A)
    (at 152.8346 81.8948 180)
    (descr "Capacitor SMD 0603 (1608 Metric), square (rectangular) end terminal, IPC_7351 nominal with elongated pad for handsoldering. (Body size source: http://www.tortai-tech.com/upload/download/2011102023233369053.pdf), generated with kicad-footprint-generator")
    (tags "capacitor handsolder")
    (path /608A10F5/60638427)
    (attr smd)
    (fp_text reference C10 (at 0 -1.43) (layer F.SilkS)
      (effects (font (size 1 1) (thickness 0.15)))
    )
    (fp_text value 0.01uF (at 0 1.43) (layer F.Fab) hide
      (effects (font (size 1 1) (thickness 0.15)))
    )
    (fp_line (start -0.8 0.4) (end -0.8 -0.4) (layer F.Fab) (width 0.1))
    (fp_line (start -0.8 -0.4) (end 0.8 -0.4) (layer F.Fab) (width 0.1))
    (fp_line (start 0.8 -0.4) (end 0.8 0.4) (layer F.Fab) (width 0.1))
    (fp_line (start 0.8 0.4) (end -0.8 0.4) (layer F.Fab) (width 0.1))
    (fp_line (start -0.171267 -0.51) (end 0.171267 -0.51) (layer F.SilkS) (width 0.12))
    (fp_line (start -0.171267 0.51) (end 0.171267 0.51) (layer F.SilkS) (width 0.12))
    (fp_line (start -1.65 0.73) (end -1.65 -0.73) (layer F.CrtYd) (width 0.05))
    (fp_line (start -1.65 -0.73) (end 1.65 -0.73) (layer F.CrtYd) (width 0.05))
    (fp_line (start 1.65 -0.73) (end 1.65 0.73) (layer F.CrtYd) (width 0.05))
    (fp_line (start 1.65 0.73) (end -1.65 0.73) (layer F.CrtYd) (width 0.05))
    (fp_text user %R (at 0 0) (layer F.Fab) hide
      (effects (font (size 0.4 0.4) (thickness 0.06)))
    )
    (pad 2 smd roundrect (at 0.875 0 180) (size 1.05 0.95) (layers F.Cu F.Paste F.Mask) (roundrect_rratio 0.25)
      (net 90 3V3))
    (pad 1 smd roundrect (at -0.875 0 180) (size 1.05 0.95) (layers F.Cu F.Paste F.Mask) (roundrect_rratio 0.25)
      (net 2 GND))
    (model ${KISYS3DMOD}/Capacitor_SMD.3dshapes/C_0603_1608Metric.wrl
      (at (xyz 0 0 0))
      (scale (xyz 1 1 1))
      (rotate (xyz 0 0 0))
    )
  )

  (module Capacitor_SMD:C_0603_1608Metric_Pad1.05x0.95mm_HandSolder (layer F.Cu) (tedit 5B301BBE) (tstamp 6060DF19)
    (at 143.7033 86.6573)
    (descr "Capacitor SMD 0603 (1608 Metric), square (rectangular) end terminal, IPC_7351 nominal with elongated pad for handsoldering. (Body size source: http://www.tortai-tech.com/upload/download/2011102023233369053.pdf), generated with kicad-footprint-generator")
    (tags "capacitor handsolder")
    (path /608A10F5/60637B30)
    (attr smd)
    (fp_text reference C7 (at -3.2766 0) (layer F.SilkS)
      (effects (font (size 1 1) (thickness 0.15)))
    )
    (fp_text value 0.01uF (at 0 1.43) (layer F.Fab) hide
      (effects (font (size 1 1) (thickness 0.15)))
    )
    (fp_line (start -0.8 0.4) (end -0.8 -0.4) (layer F.Fab) (width 0.1))
    (fp_line (start -0.8 -0.4) (end 0.8 -0.4) (layer F.Fab) (width 0.1))
    (fp_line (start 0.8 -0.4) (end 0.8 0.4) (layer F.Fab) (width 0.1))
    (fp_line (start 0.8 0.4) (end -0.8 0.4) (layer F.Fab) (width 0.1))
    (fp_line (start -0.171267 -0.51) (end 0.171267 -0.51) (layer F.SilkS) (width 0.12))
    (fp_line (start -0.171267 0.51) (end 0.171267 0.51) (layer F.SilkS) (width 0.12))
    (fp_line (start -1.65 0.73) (end -1.65 -0.73) (layer F.CrtYd) (width 0.05))
    (fp_line (start -1.65 -0.73) (end 1.65 -0.73) (layer F.CrtYd) (width 0.05))
    (fp_line (start 1.65 -0.73) (end 1.65 0.73) (layer F.CrtYd) (width 0.05))
    (fp_line (start 1.65 0.73) (end -1.65 0.73) (layer F.CrtYd) (width 0.05))
    (fp_text user %R (at 0 0) (layer F.Fab) hide
      (effects (font (size 0.4 0.4) (thickness 0.06)))
    )
    (pad 2 smd roundrect (at 0.875 0) (size 1.05 0.95) (layers F.Cu F.Paste F.Mask) (roundrect_rratio 0.25)
      (net 90 3V3))
    (pad 1 smd roundrect (at -0.875 0) (size 1.05 0.95) (layers F.Cu F.Paste F.Mask) (roundrect_rratio 0.25)
      (net 2 GND))
    (model ${KISYS3DMOD}/Capacitor_SMD.3dshapes/C_0603_1608Metric.wrl
      (at (xyz 0 0 0))
      (scale (xyz 1 1 1))
      (rotate (xyz 0 0 0))
    )
  )

  (module Capacitor_SMD:C_0603_1608Metric_Pad1.05x0.95mm_HandSolder (layer F.Cu) (tedit 5B301BBE) (tstamp 6060DF08)
    (at 137.2644 81.8948)
    (descr "Capacitor SMD 0603 (1608 Metric), square (rectangular) end terminal, IPC_7351 nominal with elongated pad for handsoldering. (Body size source: http://www.tortai-tech.com/upload/download/2011102023233369053.pdf), generated with kicad-footprint-generator")
    (tags "capacitor handsolder")
    (path /608A10F5/60637476)
    (attr smd)
    (fp_text reference C6 (at 0 1.4478) (layer F.SilkS)
      (effects (font (size 1 1) (thickness 0.15)))
    )
    (fp_text value 0.01uF (at 0 1.43) (layer F.Fab) hide
      (effects (font (size 1 1) (thickness 0.15)))
    )
    (fp_line (start -0.8 0.4) (end -0.8 -0.4) (layer F.Fab) (width 0.1))
    (fp_line (start -0.8 -0.4) (end 0.8 -0.4) (layer F.Fab) (width 0.1))
    (fp_line (start 0.8 -0.4) (end 0.8 0.4) (layer F.Fab) (width 0.1))
    (fp_line (start 0.8 0.4) (end -0.8 0.4) (layer F.Fab) (width 0.1))
    (fp_line (start -0.171267 -0.51) (end 0.171267 -0.51) (layer F.SilkS) (width 0.12))
    (fp_line (start -0.171267 0.51) (end 0.171267 0.51) (layer F.SilkS) (width 0.12))
    (fp_line (start -1.65 0.73) (end -1.65 -0.73) (layer F.CrtYd) (width 0.05))
    (fp_line (start -1.65 -0.73) (end 1.65 -0.73) (layer F.CrtYd) (width 0.05))
    (fp_line (start 1.65 -0.73) (end 1.65 0.73) (layer F.CrtYd) (width 0.05))
    (fp_line (start 1.65 0.73) (end -1.65 0.73) (layer F.CrtYd) (width 0.05))
    (fp_text user %R (at 0 0) (layer F.Fab) hide
      (effects (font (size 0.4 0.4) (thickness 0.06)))
    )
    (pad 2 smd roundrect (at 0.875 0) (size 1.05 0.95) (layers F.Cu F.Paste F.Mask) (roundrect_rratio 0.25)
      (net 90 3V3))
    (pad 1 smd roundrect (at -0.875 0) (size 1.05 0.95) (layers F.Cu F.Paste F.Mask) (roundrect_rratio 0.25)
      (net 2 GND))
    (model ${KISYS3DMOD}/Capacitor_SMD.3dshapes/C_0603_1608Metric.wrl
      (at (xyz 0 0 0))
      (scale (xyz 1 1 1))
      (rotate (xyz 0 0 0))
    )
  )

  (module Capacitor_SMD:C_0603_1608Metric_Pad1.05x0.95mm_HandSolder (layer F.Cu) (tedit 5B301BBE) (tstamp 6060DEF7)
    (at 147.6403 72.7381 180)
    (descr "Capacitor SMD 0603 (1608 Metric), square (rectangular) end terminal, IPC_7351 nominal with elongated pad for handsoldering. (Body size source: http://www.tortai-tech.com/upload/download/2011102023233369053.pdf), generated with kicad-footprint-generator")
    (tags "capacitor handsolder")
    (path /608A10F5/60636E2E)
    (attr smd)
    (fp_text reference C4 (at -0.254 1.016) (layer F.SilkS)
      (effects (font (size 0.8 0.8) (thickness 0.15)))
    )
    (fp_text value 0.01uF (at 0 1.43) (layer F.Fab) hide
      (effects (font (size 1 1) (thickness 0.15)))
    )
    (fp_line (start -0.8 0.4) (end -0.8 -0.4) (layer F.Fab) (width 0.1))
    (fp_line (start -0.8 -0.4) (end 0.8 -0.4) (layer F.Fab) (width 0.1))
    (fp_line (start 0.8 -0.4) (end 0.8 0.4) (layer F.Fab) (width 0.1))
    (fp_line (start 0.8 0.4) (end -0.8 0.4) (layer F.Fab) (width 0.1))
    (fp_line (start -0.171267 -0.51) (end 0.171267 -0.51) (layer F.SilkS) (width 0.12))
    (fp_line (start -0.171267 0.51) (end 0.171267 0.51) (layer F.SilkS) (width 0.12))
    (fp_line (start -1.65 0.73) (end -1.65 -0.73) (layer F.CrtYd) (width 0.05))
    (fp_line (start -1.65 -0.73) (end 1.65 -0.73) (layer F.CrtYd) (width 0.05))
    (fp_line (start 1.65 -0.73) (end 1.65 0.73) (layer F.CrtYd) (width 0.05))
    (fp_line (start 1.65 0.73) (end -1.65 0.73) (layer F.CrtYd) (width 0.05))
    (fp_text user %R (at 0 0) (layer F.Fab) hide
      (effects (font (size 0.4 0.4) (thickness 0.06)))
    )
    (pad 2 smd roundrect (at 0.875 0 180) (size 1.05 0.95) (layers F.Cu F.Paste F.Mask) (roundrect_rratio 0.25)
      (net 90 3V3))
    (pad 1 smd roundrect (at -0.875 0 180) (size 1.05 0.95) (layers F.Cu F.Paste F.Mask) (roundrect_rratio 0.25)
      (net 2 GND))
    (model ${KISYS3DMOD}/Capacitor_SMD.3dshapes/C_0603_1608Metric.wrl
      (at (xyz 0 0 0))
      (scale (xyz 1 1 1))
      (rotate (xyz 0 0 0))
    )
  )

  (module Agnus:RESCAF80P320X160X60-8N (layer F.Cu) (tedit 605C9D70) (tstamp 6068FA4E)
    (at 154.9682 73.4366 270)
    (path /608A10F5/607B916D)
    (fp_text reference RN2 (at 0.0762 2.7178 90) (layer F.SilkS)
      (effects (font (size 1 1) (thickness 0.15)))
    )
    (fp_text value 10k (at -0.0381 -2.3622 90) (layer F.Fab) hide
      (effects (font (size 1 1) (thickness 0.015)))
    )
    (fp_line (start -1.61 1.95) (end -1.61 -1.95) (layer F.CrtYd) (width 0.05))
    (fp_line (start 1.61 1.95) (end -1.61 1.95) (layer F.CrtYd) (width 0.05))
    (fp_line (start 1.61 -1.95) (end 1.61 1.95) (layer F.CrtYd) (width 0.05))
    (fp_line (start -1.61 -1.95) (end 1.61 -1.95) (layer F.CrtYd) (width 0.05))
    (fp_line (start 0.9 1.7) (end -0.9 1.7) (layer F.SilkS) (width 0.127))
    (fp_line (start -0.9 -1.7) (end 0.9 -1.7) (layer F.SilkS) (width 0.127))
    (fp_line (start -0.9 1.7) (end -0.9 -1.7) (layer F.Fab) (width 0.127))
    (fp_line (start 0.9 1.7) (end -0.9 1.7) (layer F.Fab) (width 0.127))
    (fp_line (start 0.9 -1.7) (end 0.9 1.7) (layer F.Fab) (width 0.127))
    (fp_line (start -0.9 -1.7) (end 0.9 -1.7) (layer F.Fab) (width 0.127))
    (pad 8 smd rect (at 0.875 -1.2 270) (size 0.97 0.53) (layers F.Cu F.Paste F.Mask)
      (net 90 3V3))
    (pad 7 smd rect (at 0.875 -0.4 270) (size 0.97 0.53) (layers F.Cu F.Paste F.Mask)
      (net 90 3V3))
    (pad 6 smd rect (at 0.875 0.4 270) (size 0.97 0.53) (layers F.Cu F.Paste F.Mask)
      (net 2 GND))
    (pad 5 smd rect (at 0.875 1.2 270) (size 0.97 0.53) (layers F.Cu F.Paste F.Mask)
      (net 90 3V3))
    (pad 4 smd rect (at -0.875 1.2 270) (size 0.97 0.53) (layers F.Cu F.Paste F.Mask)
      (net 195 TMS))
    (pad 3 smd rect (at -0.875 0.4 270) (size 0.97 0.53) (layers F.Cu F.Paste F.Mask)
      (net 197 TCK))
    (pad 2 smd rect (at -0.875 -0.4 270) (size 0.97 0.53) (layers F.Cu F.Paste F.Mask)
      (net 213 nNTSC))
    (pad 1 smd rect (at -0.875 -1.2 270) (size 0.97 0.53) (layers F.Cu F.Paste F.Mask)
      (net 192 TDI))
  )

  (module Agnus:RESCAF80P320X160X60-8N (layer F.Cu) (tedit 605C9D70) (tstamp 60670BB3)
    (at 154.9682 77.1704 90)
    (path /608A10F5/607E0507)
    (fp_text reference RN1 (at -0.0381 -2.7178 270) (layer F.SilkS)
      (effects (font (size 1 1) (thickness 0.15)))
    )
    (fp_text value 10k (at -0.0889 2.2225 90) (layer F.Fab) hide
      (effects (font (size 1 1) (thickness 0.015)))
    )
    (fp_line (start -1.61 1.95) (end -1.61 -1.95) (layer F.CrtYd) (width 0.05))
    (fp_line (start 1.61 1.95) (end -1.61 1.95) (layer F.CrtYd) (width 0.05))
    (fp_line (start 1.61 -1.95) (end 1.61 1.95) (layer F.CrtYd) (width 0.05))
    (fp_line (start -1.61 -1.95) (end 1.61 -1.95) (layer F.CrtYd) (width 0.05))
    (fp_line (start 0.9 1.7) (end -0.9 1.7) (layer F.SilkS) (width 0.127))
    (fp_line (start -0.9 -1.7) (end 0.9 -1.7) (layer F.SilkS) (width 0.127))
    (fp_line (start -0.9 1.7) (end -0.9 -1.7) (layer F.Fab) (width 0.127))
    (fp_line (start 0.9 1.7) (end -0.9 1.7) (layer F.Fab) (width 0.127))
    (fp_line (start 0.9 -1.7) (end 0.9 1.7) (layer F.Fab) (width 0.127))
    (fp_line (start -0.9 -1.7) (end 0.9 -1.7) (layer F.Fab) (width 0.127))
    (pad 8 smd rect (at 0.875 -1.2 90) (size 0.97 0.53) (layers F.Cu F.Paste F.Mask)
      (net 90 3V3))
    (pad 7 smd rect (at 0.875 -0.4 90) (size 0.97 0.53) (layers F.Cu F.Paste F.Mask)
      (net 90 3V3))
    (pad 6 smd rect (at 0.875 0.4 90) (size 0.97 0.53) (layers F.Cu F.Paste F.Mask)
      (net 206 "Net-(RN1-Pad6)"))
    (pad 5 smd rect (at 0.875 1.2 90) (size 0.97 0.53) (layers F.Cu F.Paste F.Mask)
      (net 2 GND))
    (pad 4 smd rect (at -0.875 1.2 90) (size 0.97 0.53) (layers F.Cu F.Paste F.Mask)
      (net 202 CONFIG_SEL))
    (pad 3 smd rect (at -0.875 0.4 90) (size 0.97 0.53) (layers F.Cu F.Paste F.Mask)
      (net 207 "Net-(RN1-Pad3)"))
    (pad 2 smd rect (at -0.875 -0.4 90) (size 0.97 0.53) (layers F.Cu F.Paste F.Mask)
      (net 201 CONF_DONE))
    (pad 1 smd rect (at -0.875 -1.2 90) (size 0.97 0.53) (layers F.Cu F.Paste F.Mask)
      (net 200 nSTATUS))
  )

  (module Capacitor_SMD:C_0805_2012Metric_Pad1.15x1.40mm_HandSolder (layer F.Cu) (tedit 5B36C52B) (tstamp 6065B8C6)
    (at 148.0213 86.5684 180)
    (descr "Capacitor SMD 0805 (2012 Metric), square (rectangular) end terminal, IPC_7351 nominal with elongated pad for handsoldering. (Body size source: https://docs.google.com/spreadsheets/d/1BsfQQcO9C6DZCsRaXUlFlo91Tg2WpOkGARC1WS5S8t0/edit?usp=sharing), generated with kicad-footprint-generator")
    (tags "capacitor handsolder")
    (path /608A10F5/607ACE36)
    (attr smd)
    (fp_text reference C8 (at -2.7432 0) (layer F.SilkS)
      (effects (font (size 1 1) (thickness 0.15)))
    )
    (fp_text value 0.1uF (at 0 1.65) (layer F.Fab) hide
      (effects (font (size 1 1) (thickness 0.15)))
    )
    (fp_line (start -1 0.6) (end -1 -0.6) (layer F.Fab) (width 0.1))
    (fp_line (start -1 -0.6) (end 1 -0.6) (layer F.Fab) (width 0.1))
    (fp_line (start 1 -0.6) (end 1 0.6) (layer F.Fab) (width 0.1))
    (fp_line (start 1 0.6) (end -1 0.6) (layer F.Fab) (width 0.1))
    (fp_line (start -0.261252 -0.71) (end 0.261252 -0.71) (layer F.SilkS) (width 0.12))
    (fp_line (start -0.261252 0.71) (end 0.261252 0.71) (layer F.SilkS) (width 0.12))
    (fp_line (start -1.85 0.95) (end -1.85 -0.95) (layer F.CrtYd) (width 0.05))
    (fp_line (start -1.85 -0.95) (end 1.85 -0.95) (layer F.CrtYd) (width 0.05))
    (fp_line (start 1.85 -0.95) (end 1.85 0.95) (layer F.CrtYd) (width 0.05))
    (fp_line (start 1.85 0.95) (end -1.85 0.95) (layer F.CrtYd) (width 0.05))
    (fp_text user %R (at 0 0) (layer F.Fab) hide
      (effects (font (size 0.5 0.5) (thickness 0.08)))
    )
    (pad 2 smd roundrect (at 1.025 0 180) (size 1.15 1.4) (layers F.Cu F.Paste F.Mask) (roundrect_rratio 0.217391)
      (net 90 3V3))
    (pad 1 smd roundrect (at -1.025 0 180) (size 1.15 1.4) (layers F.Cu F.Paste F.Mask) (roundrect_rratio 0.217391)
      (net 2 GND))
    (model ${KISYS3DMOD}/Capacitor_SMD.3dshapes/C_0805_2012Metric.wrl
      (at (xyz 0 0 0))
      (scale (xyz 1 1 1))
      (rotate (xyz 0 0 0))
    )
  )

  (module Capacitor_SMD:C_0805_2012Metric_Pad1.15x1.40mm_HandSolder (layer F.Cu) (tedit 5B36C52B) (tstamp 6064E445)
    (at 137.0612 80.1676)
    (descr "Capacitor SMD 0805 (2012 Metric), square (rectangular) end terminal, IPC_7351 nominal with elongated pad for handsoldering. (Body size source: https://docs.google.com/spreadsheets/d/1BsfQQcO9C6DZCsRaXUlFlo91Tg2WpOkGARC1WS5S8t0/edit?usp=sharing), generated with kicad-footprint-generator")
    (tags "capacitor handsolder")
    (path /608A10F5/60785965)
    (attr smd)
    (fp_text reference C5 (at 0 -1.6129) (layer F.SilkS)
      (effects (font (size 1 1) (thickness 0.15)))
    )
    (fp_text value 0.1uF (at 0 1.65) (layer F.Fab) hide
      (effects (font (size 1 1) (thickness 0.15)))
    )
    (fp_line (start 1.85 0.95) (end -1.85 0.95) (layer F.CrtYd) (width 0.05))
    (fp_line (start 1.85 -0.95) (end 1.85 0.95) (layer F.CrtYd) (width 0.05))
    (fp_line (start -1.85 -0.95) (end 1.85 -0.95) (layer F.CrtYd) (width 0.05))
    (fp_line (start -1.85 0.95) (end -1.85 -0.95) (layer F.CrtYd) (width 0.05))
    (fp_line (start -0.261252 0.71) (end 0.261252 0.71) (layer F.SilkS) (width 0.12))
    (fp_line (start -0.261252 -0.71) (end 0.261252 -0.71) (layer F.SilkS) (width 0.12))
    (fp_line (start 1 0.6) (end -1 0.6) (layer F.Fab) (width 0.1))
    (fp_line (start 1 -0.6) (end 1 0.6) (layer F.Fab) (width 0.1))
    (fp_line (start -1 -0.6) (end 1 -0.6) (layer F.Fab) (width 0.1))
    (fp_line (start -1 0.6) (end -1 -0.6) (layer F.Fab) (width 0.1))
    (fp_text user %R (at 0 0) (layer F.Fab) hide
      (effects (font (size 0.5 0.5) (thickness 0.08)))
    )
    (pad 2 smd roundrect (at 1.025 0) (size 1.15 1.4) (layers F.Cu F.Paste F.Mask) (roundrect_rratio 0.217391)
      (net 90 3V3))
    (pad 1 smd roundrect (at -1.025 0) (size 1.15 1.4) (layers F.Cu F.Paste F.Mask) (roundrect_rratio 0.217391)
      (net 2 GND))
    (model ${KISYS3DMOD}/Capacitor_SMD.3dshapes/C_0805_2012Metric.wrl
      (at (xyz 0 0 0))
      (scale (xyz 1 1 1))
      (rotate (xyz 0 0 0))
    )
  )

  (module Capacitor_SMD:C_0805_2012Metric_Pad1.15x1.40mm_HandSolder (layer F.Cu) (tedit 5B36C52B) (tstamp 6061DECA)
    (at 153.0341 80.1803 180)
    (descr "Capacitor SMD 0805 (2012 Metric), square (rectangular) end terminal, IPC_7351 nominal with elongated pad for handsoldering. (Body size source: https://docs.google.com/spreadsheets/d/1BsfQQcO9C6DZCsRaXUlFlo91Tg2WpOkGARC1WS5S8t0/edit?usp=sharing), generated with kicad-footprint-generator")
    (tags "capacitor handsolder")
    (path /608A10F5/60CC8F0E)
    (attr smd)
    (fp_text reference C9 (at -2.8104 -0.4445) (layer F.SilkS)
      (effects (font (size 1 1) (thickness 0.15)))
    )
    (fp_text value 0.1uF (at 0 1.65) (layer F.Fab) hide
      (effects (font (size 1 1) (thickness 0.15)))
    )
    (fp_line (start 1.85 0.95) (end -1.85 0.95) (layer F.CrtYd) (width 0.05))
    (fp_line (start 1.85 -0.95) (end 1.85 0.95) (layer F.CrtYd) (width 0.05))
    (fp_line (start -1.85 -0.95) (end 1.85 -0.95) (layer F.CrtYd) (width 0.05))
    (fp_line (start -1.85 0.95) (end -1.85 -0.95) (layer F.CrtYd) (width 0.05))
    (fp_line (start -0.261252 0.71) (end 0.261252 0.71) (layer F.SilkS) (width 0.12))
    (fp_line (start -0.261252 -0.71) (end 0.261252 -0.71) (layer F.SilkS) (width 0.12))
    (fp_line (start 1 0.6) (end -1 0.6) (layer F.Fab) (width 0.1))
    (fp_line (start 1 -0.6) (end 1 0.6) (layer F.Fab) (width 0.1))
    (fp_line (start -1 -0.6) (end 1 -0.6) (layer F.Fab) (width 0.1))
    (fp_line (start -1 0.6) (end -1 -0.6) (layer F.Fab) (width 0.1))
    (fp_text user %R (at 0 0) (layer F.Fab) hide
      (effects (font (size 0.5 0.5) (thickness 0.08)))
    )
    (pad 2 smd roundrect (at 1.025 0 180) (size 1.15 1.4) (layers F.Cu F.Paste F.Mask) (roundrect_rratio 0.217391)
      (net 90 3V3))
    (pad 1 smd roundrect (at -1.025 0 180) (size 1.15 1.4) (layers F.Cu F.Paste F.Mask) (roundrect_rratio 0.217391)
      (net 2 GND))
    (model ${KISYS3DMOD}/Capacitor_SMD.3dshapes/C_0805_2012Metric.wrl
      (at (xyz 0 0 0))
      (scale (xyz 1 1 1))
      (rotate (xyz 0 0 0))
    )
  )

  (module Capacitor_SMD:C_0603_1608Metric_Pad1.05x0.95mm_HandSolder (layer B.Cu) (tedit 5B301BBE) (tstamp 6063CA9A)
    (at 156.0223 84.1554 90)
    (descr "Capacitor SMD 0603 (1608 Metric), square (rectangular) end terminal, IPC_7351 nominal with elongated pad for handsoldering. (Body size source: http://www.tortai-tech.com/upload/download/2011102023233369053.pdf), generated with kicad-footprint-generator")
    (tags "capacitor handsolder")
    (path /605F0F7B)
    (attr smd)
    (fp_text reference C17 (at 0 1.43 270) (layer B.SilkS)
      (effects (font (size 1 1) (thickness 0.15)) (justify mirror))
    )
    (fp_text value 0.01uF (at 0 -1.43 270) (layer B.Fab)
      (effects (font (size 1 1) (thickness 0.15)) (justify mirror))
    )
    (fp_line (start -0.8 -0.4) (end -0.8 0.4) (layer B.Fab) (width 0.1))
    (fp_line (start -0.8 0.4) (end 0.8 0.4) (layer B.Fab) (width 0.1))
    (fp_line (start 0.8 0.4) (end 0.8 -0.4) (layer B.Fab) (width 0.1))
    (fp_line (start 0.8 -0.4) (end -0.8 -0.4) (layer B.Fab) (width 0.1))
    (fp_line (start -0.171267 0.51) (end 0.171267 0.51) (layer B.SilkS) (width 0.12))
    (fp_line (start -0.171267 -0.51) (end 0.171267 -0.51) (layer B.SilkS) (width 0.12))
    (fp_line (start -1.65 -0.73) (end -1.65 0.73) (layer B.CrtYd) (width 0.05))
    (fp_line (start -1.65 0.73) (end 1.65 0.73) (layer B.CrtYd) (width 0.05))
    (fp_line (start 1.65 0.73) (end 1.65 -0.73) (layer B.CrtYd) (width 0.05))
    (fp_line (start 1.65 -0.73) (end -1.65 -0.73) (layer B.CrtYd) (width 0.05))
    (fp_text user %R (at 0 0 270) (layer B.Fab)
      (effects (font (size 0.4 0.4) (thickness 0.06)) (justify mirror))
    )
    (pad 1 smd roundrect (at -0.875 0 90) (size 1.05 0.95) (layers B.Cu B.Paste B.Mask) (roundrect_rratio 0.25)
      (net 2 GND))
    (pad 2 smd roundrect (at 0.875 0 90) (size 1.05 0.95) (layers B.Cu B.Paste B.Mask) (roundrect_rratio 0.25)
      (net 1 VCC))
    (model ${KISYS3DMOD}/Capacitor_SMD.3dshapes/C_0603_1608Metric.wrl
      (at (xyz 0 0 0))
      (scale (xyz 1 1 1))
      (rotate (xyz 0 0 0))
    )
  )

  (module Capacitor_SMD:C_0603_1608Metric_Pad1.05x0.95mm_HandSolder (layer B.Cu) (tedit 5B301BBE) (tstamp 6050EFBA)
    (at 156.0223 69.8679 90)
    (descr "Capacitor SMD 0603 (1608 Metric), square (rectangular) end terminal, IPC_7351 nominal with elongated pad for handsoldering. (Body size source: http://www.tortai-tech.com/upload/download/2011102023233369053.pdf), generated with kicad-footprint-generator")
    (tags "capacitor handsolder")
    (path /605D5D6F)
    (attr smd)
    (fp_text reference C16 (at 0 1.43 90) (layer B.SilkS)
      (effects (font (size 1 1) (thickness 0.15)) (justify mirror))
    )
    (fp_text value 0.01uF (at 0 -1.43 90) (layer B.Fab)
      (effects (font (size 1 1) (thickness 0.15)) (justify mirror))
    )
    (fp_line (start 1.65 -0.73) (end -1.65 -0.73) (layer B.CrtYd) (width 0.05))
    (fp_line (start 1.65 0.73) (end 1.65 -0.73) (layer B.CrtYd) (width 0.05))
    (fp_line (start -1.65 0.73) (end 1.65 0.73) (layer B.CrtYd) (width 0.05))
    (fp_line (start -1.65 -0.73) (end -1.65 0.73) (layer B.CrtYd) (width 0.05))
    (fp_line (start -0.171267 -0.51) (end 0.171267 -0.51) (layer B.SilkS) (width 0.12))
    (fp_line (start -0.171267 0.51) (end 0.171267 0.51) (layer B.SilkS) (width 0.12))
    (fp_line (start 0.8 -0.4) (end -0.8 -0.4) (layer B.Fab) (width 0.1))
    (fp_line (start 0.8 0.4) (end 0.8 -0.4) (layer B.Fab) (width 0.1))
    (fp_line (start -0.8 0.4) (end 0.8 0.4) (layer B.Fab) (width 0.1))
    (fp_line (start -0.8 -0.4) (end -0.8 0.4) (layer B.Fab) (width 0.1))
    (fp_text user %R (at 0 0 90) (layer B.Fab)
      (effects (font (size 0.4 0.4) (thickness 0.06)) (justify mirror))
    )
    (pad 2 smd roundrect (at 0.875 0 90) (size 1.05 0.95) (layers B.Cu B.Paste B.Mask) (roundrect_rratio 0.25)
      (net 1 VCC))
    (pad 1 smd roundrect (at -0.875 0 90) (size 1.05 0.95) (layers B.Cu B.Paste B.Mask) (roundrect_rratio 0.25)
      (net 2 GND))
    (model ${KISYS3DMOD}/Capacitor_SMD.3dshapes/C_0603_1608Metric.wrl
      (at (xyz 0 0 0))
      (scale (xyz 1 1 1))
      (rotate (xyz 0 0 0))
    )
  )

  (module Capacitor_SMD:C_0603_1608Metric_Pad1.05x0.95mm_HandSolder (layer B.Cu) (tedit 5B301BBE) (tstamp 6050EF98)
    (at 133.8354 66.731 270)
    (descr "Capacitor SMD 0603 (1608 Metric), square (rectangular) end terminal, IPC_7351 nominal with elongated pad for handsoldering. (Body size source: http://www.tortai-tech.com/upload/download/2011102023233369053.pdf), generated with kicad-footprint-generator")
    (tags "capacitor handsolder")
    (path /605D3E60)
    (attr smd)
    (fp_text reference C14 (at 0.2667 1.3335 90) (layer B.SilkS)
      (effects (font (size 1 1) (thickness 0.15)) (justify mirror))
    )
    (fp_text value 0.01uF (at 0 -1.43 90) (layer B.Fab)
      (effects (font (size 1 1) (thickness 0.15)) (justify mirror))
    )
    (fp_line (start 1.65 -0.73) (end -1.65 -0.73) (layer B.CrtYd) (width 0.05))
    (fp_line (start 1.65 0.73) (end 1.65 -0.73) (layer B.CrtYd) (width 0.05))
    (fp_line (start -1.65 0.73) (end 1.65 0.73) (layer B.CrtYd) (width 0.05))
    (fp_line (start -1.65 -0.73) (end -1.65 0.73) (layer B.CrtYd) (width 0.05))
    (fp_line (start -0.171267 -0.51) (end 0.171267 -0.51) (layer B.SilkS) (width 0.12))
    (fp_line (start -0.171267 0.51) (end 0.171267 0.51) (layer B.SilkS) (width 0.12))
    (fp_line (start 0.8 -0.4) (end -0.8 -0.4) (layer B.Fab) (width 0.1))
    (fp_line (start 0.8 0.4) (end 0.8 -0.4) (layer B.Fab) (width 0.1))
    (fp_line (start -0.8 0.4) (end 0.8 0.4) (layer B.Fab) (width 0.1))
    (fp_line (start -0.8 -0.4) (end -0.8 0.4) (layer B.Fab) (width 0.1))
    (fp_text user %R (at 0 0 90) (layer B.Fab)
      (effects (font (size 0.4 0.4) (thickness 0.06)) (justify mirror))
    )
    (pad 2 smd roundrect (at 0.875 0 270) (size 1.05 0.95) (layers B.Cu B.Paste B.Mask) (roundrect_rratio 0.25)
      (net 1 VCC))
    (pad 1 smd roundrect (at -0.875 0 270) (size 1.05 0.95) (layers B.Cu B.Paste B.Mask) (roundrect_rratio 0.25)
      (net 2 GND))
    (model ${KISYS3DMOD}/Capacitor_SMD.3dshapes/C_0603_1608Metric.wrl
      (at (xyz 0 0 0))
      (scale (xyz 1 1 1))
      (rotate (xyz 0 0 0))
    )
  )

  (module Capacitor_SMD:C_0603_1608Metric_Pad1.05x0.95mm_HandSolder (layer B.Cu) (tedit 5B301BBE) (tstamp 60632DAF)
    (at 133.8354 80.2057 270)
    (descr "Capacitor SMD 0603 (1608 Metric), square (rectangular) end terminal, IPC_7351 nominal with elongated pad for handsoldering. (Body size source: http://www.tortai-tech.com/upload/download/2011102023233369053.pdf), generated with kicad-footprint-generator")
    (tags "capacitor handsolder")
    (path /605D5659)
    (attr smd)
    (fp_text reference C15 (at 0.0127 1.3335 90) (layer B.SilkS)
      (effects (font (size 1 1) (thickness 0.15)) (justify mirror))
    )
    (fp_text value 0.01uF (at 0 -1.43 90) (layer B.Fab)
      (effects (font (size 1 1) (thickness 0.15)) (justify mirror))
    )
    (fp_line (start -0.8 -0.4) (end -0.8 0.4) (layer B.Fab) (width 0.1))
    (fp_line (start -0.8 0.4) (end 0.8 0.4) (layer B.Fab) (width 0.1))
    (fp_line (start 0.8 0.4) (end 0.8 -0.4) (layer B.Fab) (width 0.1))
    (fp_line (start 0.8 -0.4) (end -0.8 -0.4) (layer B.Fab) (width 0.1))
    (fp_line (start -0.171267 0.51) (end 0.171267 0.51) (layer B.SilkS) (width 0.12))
    (fp_line (start -0.171267 -0.51) (end 0.171267 -0.51) (layer B.SilkS) (width 0.12))
    (fp_line (start -1.65 -0.73) (end -1.65 0.73) (layer B.CrtYd) (width 0.05))
    (fp_line (start -1.65 0.73) (end 1.65 0.73) (layer B.CrtYd) (width 0.05))
    (fp_line (start 1.65 0.73) (end 1.65 -0.73) (layer B.CrtYd) (width 0.05))
    (fp_line (start 1.65 -0.73) (end -1.65 -0.73) (layer B.CrtYd) (width 0.05))
    (fp_text user %R (at 0 0 90) (layer B.Fab)
      (effects (font (size 0.4 0.4) (thickness 0.06)) (justify mirror))
    )
    (pad 2 smd roundrect (at 0.875 0 270) (size 1.05 0.95) (layers B.Cu B.Paste B.Mask) (roundrect_rratio 0.25)
      (net 1 VCC))
    (pad 1 smd roundrect (at -0.875 0 270) (size 1.05 0.95) (layers B.Cu B.Paste B.Mask) (roundrect_rratio 0.25)
      (net 2 GND))
    (model ${KISYS3DMOD}/Capacitor_SMD.3dshapes/C_0603_1608Metric.wrl
      (at (xyz 0 0 0))
      (scale (xyz 1 1 1))
      (rotate (xyz 0 0 0))
    )
  )

  (module Package_BGA:BGA-169_11.0x11.0mm_Layout13x13_P0.8mm_Ball0.5mm_Pad0.4mm_NSMD (layer F.Cu) (tedit 5A2E68DC) (tstamp 6064B3A9)
    (at 145.0498 79.7866 270)
    (descr "Altera U169, https://www.altera.com/content/dam/altera-www/global/en_US/pdfs/literature/packaging/04r00470-01.pdf")
    (tags "Altera UBGA U169 BGA-169")
    (path /608A10F5/60A0E571)
    (attr smd)
    (fp_text reference U1 (at -6.4389 5.3216 180) (layer F.SilkS)
